{
 "cells": [
  {
   "cell_type": "code",
   "execution_count": 245,
   "metadata": {
    "collapsed": false
   },
   "outputs": [
    {
     "name": "stdout",
     "output_type": "stream",
     "text": [
      "The autoreload extension is already loaded. To reload it, use:\n",
      "  %reload_ext autoreload\n"
     ]
    }
   ],
   "source": [
    "%load_ext autoreload\n",
    "%autoreload 2\n",
    "import numpy as np\n",
    "import qutip\n",
    "import theano\n",
    "import theano.tensor as T\n",
    "import QubitNetwork"
   ]
  },
  {
   "cell_type": "code",
   "execution_count": 224,
   "metadata": {
    "collapsed": false
   },
   "outputs": [
    {
     "data": {
      "text/latex": [
       "Quantum object: dims = [[2, 2, 2, 2], [1, 1, 1, 1]], shape = (16, 1), type = ket\\begin{equation*}\\left(\\begin{array}{*{11}c}(-0.280-0.254j)\\\\(0.116-0.074j)\\\\(0.302-0.159j)\\\\(-0.304-0.092j)\\\\(-0.283+0.049j)\\\\\\vdots\\\\(0.308-0.145j)\\\\(0.198-0.219j)\\\\(-0.268-0.100j)\\\\(0.278-0.200j)\\\\(0.021-0.119j)\\\\\\end{array}\\right)\\end{equation*}"
      ],
      "text/plain": [
       "Quantum object: dims = [[2, 2, 2, 2], [1, 1, 1, 1]], shape = (16, 1), type = ket\n",
       "Qobj data =\n",
       "[[-0.27955145-0.25388861j]\n",
       " [ 0.11561937-0.07440324j]\n",
       " [ 0.30239505-0.15887813j]\n",
       " [-0.30372354-0.09205277j]\n",
       " [-0.28287221+0.04932048j]\n",
       " [ 0.02521226-0.06136463j]\n",
       " [ 0.17219526-0.02771928j]\n",
       " [ 0.23077973+0.1066017j ]\n",
       " [ 0.08238318+0.02112077j]\n",
       " [-0.09055917-0.00271109j]\n",
       " [-0.05852606-0.05723796j]\n",
       " [ 0.30835457-0.14476351j]\n",
       " [ 0.19813409-0.21939289j]\n",
       " [-0.26818802-0.09973814j]\n",
       " [ 0.27762714-0.20017743j]\n",
       " [ 0.02145614-0.1188905j ]]"
      ]
     },
     "execution_count": 224,
     "metadata": {},
     "output_type": "execute_result"
    }
   ],
   "source": [
    "qutip.tensor([qutip.basis(2, 0) for _ in range(4)])\n",
    "foo = qutip.rand_ket(N=16)\n",
    "foo.dims = [[2, 2, 2, 2], [1, 1, 1, 1]]\n",
    "np.random.random()"
   ]
  },
  {
   "cell_type": "code",
   "execution_count": 261,
   "metadata": {
    "collapsed": false
   },
   "outputs": [
    {
     "data": {
      "text/latex": [
       "Quantum object: dims = [[16], [16]], shape = (16, 16), type = oper, isherm = False\\begin{equation*}\\left(\\begin{array}{*{11}c}(0.986-0.134j) & (0.003-0.024j) & (-0.004-0.067j) & (9.491\\times10^{-05}+0.073j) & 0.0 & \\cdots & 0.0 & 0.0 & 0.0 & 0.0 & 0.0\\\\(0.003-0.024j) & (0.995-0.020j) & (-7.972\\times10^{-04}+0.058j) & (0.004-0.078j) & 0.0 & \\cdots & 0.0 & 0.0 & 0.0 & 0.0 & 0.0\\\\(-0.004-0.067j) & (-7.972\\times10^{-04}+0.058j) & (0.990-0.081j) & (0.003-0.075j) & 0.0 & \\cdots & 0.0 & 0.0 & 0.0 & 0.0 & 0.0\\\\(9.491\\times10^{-05}+0.073j) & (0.004-0.078j) & (0.003-0.075j) & (0.991+0.037j) & 0.0 & \\cdots & 0.0 & 0.0 & 0.0 & 0.0 & 0.0\\\\0.0 & 0.0 & 0.0 & 0.0 & (0.302+0.204j) & \\cdots & 0.0 & 0.0 & 0.0 & 0.0 & 0.0\\\\\\vdots & \\vdots & \\vdots & \\vdots & \\vdots & \\ddots & \\vdots & \\vdots & \\vdots & \\vdots & \\vdots\\\\0.0 & 0.0 & 0.0 & 0.0 & 0.0 & \\cdots & (0.496+0.249j) & 0.0 & 0.0 & 0.0 & 0.0\\\\0.0 & 0.0 & 0.0 & 0.0 & 0.0 & \\cdots & 0.0 & (0.048+0.136j) & (-0.033-0.113j) & (0.945-0.253j) & (0.031+0.090j)\\\\0.0 & 0.0 & 0.0 & 0.0 & 0.0 & \\cdots & 0.0 & (-0.033-0.113j) & (0.021+0.081j) & (0.031+0.090j) & (0.978-0.120j)\\\\0.0 & 0.0 & 0.0 & 0.0 & 0.0 & \\cdots & 0.0 & (0.945-0.253j) & (0.031+0.090j) & (0.048+0.136j) & (-0.033-0.113j)\\\\0.0 & 0.0 & 0.0 & 0.0 & 0.0 & \\cdots & 0.0 & (0.031+0.090j) & (0.978-0.120j) & (-0.033-0.113j) & (0.021+0.081j)\\\\\\end{array}\\right)\\end{equation*}"
      ],
      "text/plain": [
       "Quantum object: dims = [[16], [16]], shape = (16, 16), type = oper, isherm = False\n",
       "Qobj data =\n",
       "[[  9.85736656e-01-0.1335818j    2.99768276e-03-0.023827j\n",
       "   -3.78613376e-03-0.06712283j   9.49133837e-05+0.07336633j\n",
       "    0.00000000e+00+0.j           0.00000000e+00+0.j           0.00000000e+00+0.j\n",
       "    0.00000000e+00+0.j           0.00000000e+00+0.j           0.00000000e+00+0.j\n",
       "    0.00000000e+00+0.j           0.00000000e+00+0.j           0.00000000e+00+0.j\n",
       "    0.00000000e+00+0.j           0.00000000e+00+0.j           0.00000000e+00+0.j        ]\n",
       " [  2.99768276e-03-0.023827j     9.94792434e-01-0.01985275j\n",
       "   -7.97248347e-04+0.05816631j   3.75639629e-03-0.07758288j\n",
       "    0.00000000e+00+0.j           0.00000000e+00+0.j           0.00000000e+00+0.j\n",
       "    0.00000000e+00+0.j           0.00000000e+00+0.j           0.00000000e+00+0.j\n",
       "    0.00000000e+00+0.j           0.00000000e+00+0.j           0.00000000e+00+0.j\n",
       "    0.00000000e+00+0.j           0.00000000e+00+0.j           0.00000000e+00+0.j        ]\n",
       " [ -3.78613376e-03-0.06712283j  -7.97248347e-04+0.05816631j\n",
       "    9.89918328e-01-0.08064961j   3.11471183e-03-0.07512576j\n",
       "    0.00000000e+00+0.j           0.00000000e+00+0.j           0.00000000e+00+0.j\n",
       "    0.00000000e+00+0.j           0.00000000e+00+0.j           0.00000000e+00+0.j\n",
       "    0.00000000e+00+0.j           0.00000000e+00+0.j           0.00000000e+00+0.j\n",
       "    0.00000000e+00+0.j           0.00000000e+00+0.j           0.00000000e+00+0.j        ]\n",
       " [  9.49133837e-05+0.07336633j   3.75639629e-03-0.07758288j\n",
       "    3.11471183e-03-0.07512576j   9.90734037e-01+0.03710318j\n",
       "    0.00000000e+00+0.j           0.00000000e+00+0.j           0.00000000e+00+0.j\n",
       "    0.00000000e+00+0.j           0.00000000e+00+0.j           0.00000000e+00+0.j\n",
       "    0.00000000e+00+0.j           0.00000000e+00+0.j           0.00000000e+00+0.j\n",
       "    0.00000000e+00+0.j           0.00000000e+00+0.j           0.00000000e+00+0.j        ]\n",
       " [  0.00000000e+00+0.j           0.00000000e+00+0.j           0.00000000e+00+0.j\n",
       "    0.00000000e+00+0.j           3.01618674e-01+0.20359997j\n",
       "    6.60204322e-01-0.28686563j  -4.10876353e-01-0.12346863j\n",
       "    3.84969533e-01+0.13094339j   0.00000000e+00+0.j           0.00000000e+00+0.j\n",
       "    0.00000000e+00+0.j           0.00000000e+00+0.j           0.00000000e+00+0.j\n",
       "    0.00000000e+00+0.j           0.00000000e+00+0.j           0.00000000e+00+0.j        ]\n",
       " [  0.00000000e+00+0.j           0.00000000e+00+0.j           0.00000000e+00+0.j\n",
       "    0.00000000e+00+0.j           6.60204322e-01-0.28686563j\n",
       "    3.68274512e-01+0.19589083j   3.80277110e-01+0.13146318j\n",
       "   -3.55795858e-01-0.13912258j   0.00000000e+00+0.j           0.00000000e+00+0.j\n",
       "    0.00000000e+00+0.j           0.00000000e+00+0.j           0.00000000e+00+0.j\n",
       "    0.00000000e+00+0.j           0.00000000e+00+0.j           0.00000000e+00+0.j        ]\n",
       " [  0.00000000e+00+0.j           0.00000000e+00+0.j           0.00000000e+00+0.j\n",
       "    0.00000000e+00+0.j          -4.10876353e-01-0.12346863j\n",
       "    3.80277110e-01+0.13146318j   4.59957843e-01+0.2483569j\n",
       "    5.17776678e-01-0.33571985j   0.00000000e+00+0.j           0.00000000e+00+0.j\n",
       "    0.00000000e+00+0.j           0.00000000e+00+0.j           0.00000000e+00+0.j\n",
       "    0.00000000e+00+0.j           0.00000000e+00+0.j           0.00000000e+00+0.j        ]\n",
       " [  0.00000000e+00+0.j           0.00000000e+00+0.j           0.00000000e+00+0.j\n",
       "    0.00000000e+00+0.j           3.84969533e-01+0.13094339j\n",
       "   -3.55795858e-01-0.13912258j   5.17776678e-01-0.33571985j\n",
       "    4.95880205e-01+0.2490157j    0.00000000e+00+0.j           0.00000000e+00+0.j\n",
       "    0.00000000e+00+0.j           0.00000000e+00+0.j           0.00000000e+00+0.j\n",
       "    0.00000000e+00+0.j           0.00000000e+00+0.j           0.00000000e+00+0.j        ]\n",
       " [  0.00000000e+00+0.j           0.00000000e+00+0.j           0.00000000e+00+0.j\n",
       "    0.00000000e+00+0.j           0.00000000e+00+0.j           0.00000000e+00+0.j\n",
       "    0.00000000e+00+0.j           0.00000000e+00+0.j\n",
       "    3.01618674e-01+0.20359997j   6.60204322e-01-0.28686563j\n",
       "   -4.10876353e-01-0.12346863j   3.84969533e-01+0.13094339j\n",
       "    0.00000000e+00+0.j           0.00000000e+00+0.j           0.00000000e+00+0.j\n",
       "    0.00000000e+00+0.j        ]\n",
       " [  0.00000000e+00+0.j           0.00000000e+00+0.j           0.00000000e+00+0.j\n",
       "    0.00000000e+00+0.j           0.00000000e+00+0.j           0.00000000e+00+0.j\n",
       "    0.00000000e+00+0.j           0.00000000e+00+0.j\n",
       "    6.60204322e-01-0.28686563j   3.68274512e-01+0.19589083j\n",
       "    3.80277110e-01+0.13146318j  -3.55795858e-01-0.13912258j\n",
       "    0.00000000e+00+0.j           0.00000000e+00+0.j           0.00000000e+00+0.j\n",
       "    0.00000000e+00+0.j        ]\n",
       " [  0.00000000e+00+0.j           0.00000000e+00+0.j           0.00000000e+00+0.j\n",
       "    0.00000000e+00+0.j           0.00000000e+00+0.j           0.00000000e+00+0.j\n",
       "    0.00000000e+00+0.j           0.00000000e+00+0.j\n",
       "   -4.10876353e-01-0.12346863j   3.80277110e-01+0.13146318j\n",
       "    4.59957843e-01+0.2483569j    5.17776678e-01-0.33571985j\n",
       "    0.00000000e+00+0.j           0.00000000e+00+0.j           0.00000000e+00+0.j\n",
       "    0.00000000e+00+0.j        ]\n",
       " [  0.00000000e+00+0.j           0.00000000e+00+0.j           0.00000000e+00+0.j\n",
       "    0.00000000e+00+0.j           0.00000000e+00+0.j           0.00000000e+00+0.j\n",
       "    0.00000000e+00+0.j           0.00000000e+00+0.j\n",
       "    3.84969533e-01+0.13094339j  -3.55795858e-01-0.13912258j\n",
       "    5.17776678e-01-0.33571985j   4.95880205e-01+0.2490157j\n",
       "    0.00000000e+00+0.j           0.00000000e+00+0.j           0.00000000e+00+0.j\n",
       "    0.00000000e+00+0.j        ]\n",
       " [  0.00000000e+00+0.j           0.00000000e+00+0.j           0.00000000e+00+0.j\n",
       "    0.00000000e+00+0.j           0.00000000e+00+0.j           0.00000000e+00+0.j\n",
       "    0.00000000e+00+0.j           0.00000000e+00+0.j           0.00000000e+00+0.j\n",
       "    0.00000000e+00+0.j           0.00000000e+00+0.j           0.00000000e+00+0.j\n",
       "    4.83268659e-02+0.13643794j  -3.31557801e-02-0.11271054j\n",
       "    9.44642291e-01-0.25260294j   3.13874569e-02+0.09002087j]\n",
       " [  0.00000000e+00+0.j           0.00000000e+00+0.j           0.00000000e+00+0.j\n",
       "    0.00000000e+00+0.j           0.00000000e+00+0.j           0.00000000e+00+0.j\n",
       "    0.00000000e+00+0.j           0.00000000e+00+0.j           0.00000000e+00+0.j\n",
       "    0.00000000e+00+0.j           0.00000000e+00+0.j           0.00000000e+00+0.j\n",
       "   -3.31557801e-02-0.11271054j   2.13593974e-02+0.080841j\n",
       "    3.13874569e-02+0.09002087j   9.77617573e-01-0.11991868j]\n",
       " [  0.00000000e+00+0.j           0.00000000e+00+0.j           0.00000000e+00+0.j\n",
       "    0.00000000e+00+0.j           0.00000000e+00+0.j           0.00000000e+00+0.j\n",
       "    0.00000000e+00+0.j           0.00000000e+00+0.j           0.00000000e+00+0.j\n",
       "    0.00000000e+00+0.j           0.00000000e+00+0.j           0.00000000e+00+0.j\n",
       "    9.44642291e-01-0.25260294j   3.13874569e-02+0.09002087j\n",
       "    4.83268659e-02+0.13643794j  -3.31557801e-02-0.11271054j]\n",
       " [  0.00000000e+00+0.j           0.00000000e+00+0.j           0.00000000e+00+0.j\n",
       "    0.00000000e+00+0.j           0.00000000e+00+0.j           0.00000000e+00+0.j\n",
       "    0.00000000e+00+0.j           0.00000000e+00+0.j           0.00000000e+00+0.j\n",
       "    0.00000000e+00+0.j           0.00000000e+00+0.j           0.00000000e+00+0.j\n",
       "    3.13874569e-02+0.09002087j   9.77617573e-01-0.11991868j\n",
       "   -3.31557801e-02-0.11271054j   2.13593974e-02+0.080841j  ]]"
      ]
     },
     "execution_count": 261,
     "metadata": {},
     "output_type": "execute_result"
    }
   ],
   "source": [
    "eta = 0.8182\n",
    "xi = 0.0587\n",
    "initial_ancilla = qutip.Qobj([[np.cos(eta)], [np.sin(eta) * np.exp(1j * xi)]])\n",
    "\n",
    "net = QubitNetwork.QubitNetwork(\n",
    "    num_qubits=4,\n",
    "    interactions=('all', ['xx', 'zz']),\n",
    "    self_interactions=('all', ['x', 'z']),\n",
    "    ancillas_state=initial_ancilla,\n",
    "    system_qubits=[0, 1, 2]\n",
    ")\n",
    "\n",
    "factor  = -8.940 / 4 * net.tuple_to_xs_factor(((0, 1), 'zz'))\n",
    "factor += -4.957 / 4 * net.tuple_to_xs_factor(((0, 2), 'zz'))\n",
    "factor += -4.957 / 4 * net.tuple_to_xs_factor(((1, 2), 'zz'))\n",
    "factor += -5.657 / 4 * net.tuple_to_xs_factor(((0, 3), 'zz'))\n",
    "factor += -5.657 / 4 * net.tuple_to_xs_factor(((1, 3), 'zz'))\n",
    "\n",
    "factor += 15.060 / 4 * net.tuple_to_xs_factor(((2, 3), 'xx'))\n",
    "\n",
    "factor += -2.428 / 2 * net.tuple_to_xs_factor((0, 'z'))\n",
    "factor += -2.428 / 2 * net.tuple_to_xs_factor((1, 'z'))\n",
    "factor += -4.957 / 2 * net.tuple_to_xs_factor((2, 'z'))\n",
    "factor += -0.165 / 2 * net.tuple_to_xs_factor((3, 'z'))\n",
    "\n",
    "factor += -19.08 / 2 * net.tuple_to_xs_factor((2, 'x'))\n",
    "factor += -4.297 / 2 * net.tuple_to_xs_factor((3, 'x'))\n",
    "\n",
    "foo = utils.bigreal2complex(factor)\n",
    "foo = qutip.Qobj(foo)\n",
    "foo.expm()"
   ]
  },
  {
   "cell_type": "code",
   "execution_count": 198,
   "metadata": {
    "collapsed": false,
    "scrolled": true
   },
   "outputs": [
    {
     "data": {
      "text/latex": [
       "Quantum object: dims = [[16], [16]], shape = (16, 16), type = oper, isherm = False\\begin{equation*}\\left(\\begin{array}{*{11}c}(0.153+0.010j) & (0.117-0.108j) & (-0.152+0.219j) & (0.101+0.037j) & (-0.274+0.146j) & \\cdots & (-0.149-0.359j) & (-0.446+0.087j) & (0.101+0.105j) & (-0.115+0.072j) & (0.409-0.016j)\\\\(0.117-0.108j) & (0.120+0.417j) & (0.090-0.179j) & (0.109+0.050j) & (-0.168+0.030j) & \\cdots & (0.166-0.123j) & (-0.040+0.209j) & (-0.304-0.111j) & (0.365+0.018j) & (-0.115+0.072j)\\\\(-0.152+0.219j) & (0.090-0.179j) & (0.201-0.187j) & (-0.176-0.197j) & (-0.213-0.031j) & \\cdots & (0.143+0.198j) & (0.144+0.056j) & (0.291-0.060j) & (-0.304-0.111j) & (0.101+0.105j)\\\\(0.101+0.037j) & (0.109+0.050j) & (-0.176-0.197j) & (0.061+0.024j) & (-0.123+0.031j) & \\cdots & (-0.310+0.107j) & (0.168-0.214j) & (0.144+0.056j) & (-0.040+0.209j) & (-0.446+0.087j)\\\\(-0.274+0.146j) & (-0.168+0.030j) & (-0.213-0.031j) & (-0.123+0.031j) & (0.141-0.177j) & \\cdots & (0.371+0.127j) & (-0.310+0.107j) & (0.143+0.198j) & (0.166-0.123j) & (-0.149-0.359j)\\\\\\vdots & \\vdots & \\vdots & \\vdots & \\vdots & \\ddots & \\vdots & \\vdots & \\vdots & \\vdots & \\vdots\\\\(-0.149-0.359j) & (0.166-0.123j) & (0.143+0.198j) & (-0.310+0.107j) & (0.371+0.127j) & \\cdots & (0.141-0.177j) & (-0.123+0.031j) & (-0.213-0.031j) & (-0.168+0.030j) & (-0.274+0.146j)\\\\(-0.446+0.087j) & (-0.040+0.209j) & (0.144+0.056j) & (0.168-0.214j) & (-0.310+0.107j) & \\cdots & (-0.123+0.031j) & (0.061+0.024j) & (-0.176-0.197j) & (0.109+0.050j) & (0.101+0.037j)\\\\(0.101+0.105j) & (-0.304-0.111j) & (0.291-0.060j) & (0.144+0.056j) & (0.143+0.198j) & \\cdots & (-0.213-0.031j) & (-0.176-0.197j) & (0.201-0.187j) & (0.090-0.179j) & (-0.152+0.219j)\\\\(-0.115+0.072j) & (0.365+0.018j) & (-0.304-0.111j) & (-0.040+0.209j) & (0.166-0.123j) & \\cdots & (-0.168+0.030j) & (0.109+0.050j) & (0.090-0.179j) & (0.120+0.417j) & (0.117-0.108j)\\\\(0.409-0.016j) & (-0.115+0.072j) & (0.101+0.105j) & (-0.446+0.087j) & (-0.149-0.359j) & \\cdots & (-0.274+0.146j) & (0.101+0.037j) & (-0.152+0.219j) & (0.117-0.108j) & (0.153+0.010j)\\\\\\end{array}\\right)\\end{equation*}"
      ],
      "text/plain": [
       "Quantum object: dims = [[16], [16]], shape = (16, 16), type = oper, isherm = False\n",
       "Qobj data =\n",
       "[[ 0.15262938+0.0096427j   0.11689735-0.10811018j -0.15161546+0.2194946j\n",
       "   0.10106818+0.03663583j -0.27380367+0.14628458j  0.01580962+0.01612412j\n",
       "   0.07257164+0.14756418j  0.05573154+0.03332085j  0.25616656+0.00453465j\n",
       "  -0.17703720+0.02344678j -0.21084282+0.18366693j -0.14921499-0.35904427j\n",
       "  -0.44599860+0.08656022j  0.10051142+0.10537405j -0.11470614+0.07247606j\n",
       "   0.40892314-0.01608505j]\n",
       " [ 0.11689735-0.10811018j  0.11985232+0.41732035j  0.09037383-0.17923525j\n",
       "   0.10878362+0.04996035j -0.16768269+0.02969284j -0.09233240-0.13948621j\n",
       "   0.09027606+0.01655867j -0.15279176+0.10715808j  0.02317725-0.14170529j\n",
       "   0.22900764+0.24594528j -0.31647426+0.23005299j  0.16635366-0.12315148j\n",
       "  -0.03986231+0.20901533j -0.30402343-0.11053746j  0.36488864+0.01789606j\n",
       "  -0.11470614+0.07247606j]\n",
       " [-0.15161546+0.2194946j   0.09037383-0.17923525j  0.20085609-0.1874757j\n",
       "  -0.17604253-0.19734373j -0.21317330-0.03120323j -0.16281747+0.06804803j\n",
       "   0.22704713-0.17790585j -0.08341844-0.02909438j  0.04898752+0.17952699j\n",
       "   0.05129277+0.32962933j -0.25834649+0.25357562j  0.14265173+0.19780974j\n",
       "   0.14372687+0.05599965j  0.29141170-0.05955443j -0.30402343-0.11053746j\n",
       "   0.10051142+0.10537405j]\n",
       " [ 0.10106818+0.03663583j  0.10878362+0.04996035j -0.17604253-0.19734373j\n",
       "   0.06067742+0.02413044j -0.12282736+0.03120347j  0.09151479-0.12014258j\n",
       "   0.03818156-0.15561718j  0.37061985+0.10043516j  0.22220021-0.19939073j\n",
       "  -0.24470579-0.07996043j -0.22481499+0.15915384j -0.30992776+0.10705573j\n",
       "   0.16753040-0.21351259j  0.14372687+0.05599965j -0.03986231+0.20901533j\n",
       "  -0.44599860+0.08656022j]\n",
       " [-0.27380367+0.14628458j -0.16768269+0.02969284j -0.21317330-0.03120323j\n",
       "  -0.12282736+0.03120347j  0.14122297-0.17705135j -0.20504727-0.04978411j\n",
       "  -0.01380763+0.12404649j  0.25843571+0.03470743j  0.14503118-0.06653993j\n",
       "   0.00847752-0.11585217j -0.00946799+0.28145124j  0.37051625+0.12734492j\n",
       "  -0.30992776+0.10705573j  0.14265173+0.19780974j  0.16635366-0.12315148j\n",
       "  -0.14921499-0.35904427j]\n",
       " [ 0.01580962+0.01612412j -0.09233240-0.13948621j -0.16281747+0.06804803j\n",
       "   0.09151479-0.12014258j -0.20504727-0.04978411j -0.18073612+0.02310744j\n",
       "   0.23767158+0.05522014j -0.16103153+0.12695099j  0.10733194-0.2206594j\n",
       "   0.30566430-0.03090814j  0.13799643-0.21708083j -0.00946799+0.28145124j\n",
       "  -0.22481499+0.15915384j -0.25834649+0.25357562j -0.31647426+0.23005299j\n",
       "  -0.21084282+0.18366693j]\n",
       " [ 0.07257164+0.14756418j  0.09027606+0.01655867j  0.22704713-0.17790585j\n",
       "   0.03818156-0.15561718j -0.01380763+0.12404649j  0.23767158+0.05522014j\n",
       "   0.14278105+0.04528035j  0.23672015-0.12090059j -0.04577816+0.41015592j\n",
       "   0.14661330+0.25567233j  0.30566430-0.03090814j  0.00847752-0.11585217j\n",
       "  -0.24470579-0.07996043j  0.05129277+0.32962933j  0.22900764+0.24594528j\n",
       "  -0.17703720+0.02344678j]\n",
       " [ 0.05573154+0.03332085j -0.15279176+0.10715808j -0.08341844-0.02909438j\n",
       "   0.37061985+0.10043516j  0.25843571+0.03470743j -0.16103153+0.12695099j\n",
       "   0.23672015-0.12090059j  0.15382413+0.10540014j  0.28449021-0.20806027j\n",
       "  -0.04577816+0.41015592j  0.10733194-0.2206594j   0.14503118-0.06653993j\n",
       "   0.22220021-0.19939073j  0.04898752+0.17952699j  0.02317725-0.14170529j\n",
       "   0.25616656+0.00453465j]\n",
       " [ 0.25616656+0.00453465j  0.02317725-0.14170529j  0.04898752+0.17952699j\n",
       "   0.22220021-0.19939073j  0.14503118-0.06653993j  0.10733194-0.2206594j\n",
       "  -0.04577816+0.41015592j  0.28449021-0.20806027j  0.15382413+0.10540014j\n",
       "   0.23672015-0.12090059j -0.16103153+0.12695099j  0.25843571+0.03470743j\n",
       "   0.37061985+0.10043516j -0.08341844-0.02909438j -0.15279176+0.10715808j\n",
       "   0.05573154+0.03332085j]\n",
       " [-0.17703720+0.02344678j  0.22900764+0.24594528j  0.05129277+0.32962933j\n",
       "  -0.24470579-0.07996043j  0.00847752-0.11585217j  0.30566430-0.03090814j\n",
       "   0.14661330+0.25567233j -0.04577816+0.41015592j  0.23672015-0.12090059j\n",
       "   0.14278105+0.04528035j  0.23767158+0.05522014j -0.01380763+0.12404649j\n",
       "   0.03818156-0.15561718j  0.22704713-0.17790585j  0.09027606+0.01655867j\n",
       "   0.07257164+0.14756418j]\n",
       " [-0.21084282+0.18366693j -0.31647426+0.23005299j -0.25834649+0.25357562j\n",
       "  -0.22481499+0.15915384j -0.00946799+0.28145124j  0.13799643-0.21708083j\n",
       "   0.30566430-0.03090814j  0.10733194-0.2206594j  -0.16103153+0.12695099j\n",
       "   0.23767158+0.05522014j -0.18073612+0.02310744j -0.20504727-0.04978411j\n",
       "   0.09151479-0.12014258j -0.16281747+0.06804803j -0.09233240-0.13948621j\n",
       "   0.01580962+0.01612412j]\n",
       " [-0.14921499-0.35904427j  0.16635366-0.12315148j  0.14265173+0.19780974j\n",
       "  -0.30992776+0.10705573j  0.37051625+0.12734492j -0.00946799+0.28145124j\n",
       "   0.00847752-0.11585217j  0.14503118-0.06653993j  0.25843571+0.03470743j\n",
       "  -0.01380763+0.12404649j -0.20504727-0.04978411j  0.14122297-0.17705135j\n",
       "  -0.12282736+0.03120347j -0.21317330-0.03120323j -0.16768269+0.02969284j\n",
       "  -0.27380367+0.14628458j]\n",
       " [-0.44599860+0.08656022j -0.03986231+0.20901533j  0.14372687+0.05599965j\n",
       "   0.16753040-0.21351259j -0.30992776+0.10705573j -0.22481499+0.15915384j\n",
       "  -0.24470579-0.07996043j  0.22220021-0.19939073j  0.37061985+0.10043516j\n",
       "   0.03818156-0.15561718j  0.09151479-0.12014258j -0.12282736+0.03120347j\n",
       "   0.06067742+0.02413044j -0.17604253-0.19734373j  0.10878362+0.04996035j\n",
       "   0.10106818+0.03663583j]\n",
       " [ 0.10051142+0.10537405j -0.30402343-0.11053746j  0.29141170-0.05955443j\n",
       "   0.14372687+0.05599965j  0.14265173+0.19780974j -0.25834649+0.25357562j\n",
       "   0.05129277+0.32962933j  0.04898752+0.17952699j -0.08341844-0.02909438j\n",
       "   0.22704713-0.17790585j -0.16281747+0.06804803j -0.21317330-0.03120323j\n",
       "  -0.17604253-0.19734373j  0.20085609-0.1874757j   0.09037383-0.17923525j\n",
       "  -0.15161546+0.2194946j ]\n",
       " [-0.11470614+0.07247606j  0.36488864+0.01789606j -0.30402343-0.11053746j\n",
       "  -0.03986231+0.20901533j  0.16635366-0.12315148j -0.31647426+0.23005299j\n",
       "   0.22900764+0.24594528j  0.02317725-0.14170529j -0.15279176+0.10715808j\n",
       "   0.09027606+0.01655867j -0.09233240-0.13948621j -0.16768269+0.02969284j\n",
       "   0.10878362+0.04996035j  0.09037383-0.17923525j  0.11985232+0.41732035j\n",
       "   0.11689735-0.10811018j]\n",
       " [ 0.40892314-0.01608505j -0.11470614+0.07247606j  0.10051142+0.10537405j\n",
       "  -0.44599860+0.08656022j -0.14921499-0.35904427j -0.21084282+0.18366693j\n",
       "  -0.17703720+0.02344678j  0.25616656+0.00453465j  0.05573154+0.03332085j\n",
       "   0.07257164+0.14756418j  0.01580962+0.01612412j -0.27380367+0.14628458j\n",
       "   0.10106818+0.03663583j -0.15161546+0.2194946j   0.11689735-0.10811018j\n",
       "   0.15262938+0.0096427j ]]"
      ]
     },
     "execution_count": 198,
     "metadata": {},
     "output_type": "execute_result"
    }
   ],
   "source": [
    "net = QubitNetwork.QubitNetwork(num_qubits=4,\n",
    "                           interactions=('all', ['yy', 'zz']),\n",
    "                           self_interactions=('all', ['x']),\n",
    "                           system_qubits=[0, 1, 2])\n",
    "random_Js = np.random.randn(net.num_interactions + net.num_self_interactions)\n",
    "nice_hs = np.asarray([1j * utils.bigreal2complex(big_h) for big_h in net.hs_factors])\n",
    "nice_Js = np.asarray([1j * utils.bigreal2complex(big_J) for big_J in net.Js_factors])\n",
    "nice_factors = np.concatenate((nice_hs, nice_Js), axis=0)\n",
    "H = qutip.Qobj(np.tensordot(random_Js, nice_factors, axes=1))\n",
    "expH = (-1j * H).expm()\n",
    "expH"
   ]
  },
  {
   "cell_type": "code",
   "execution_count": 156,
   "metadata": {
    "collapsed": false
   },
   "outputs": [
    {
     "name": "stdout",
     "output_type": "stream",
     "text": [
      "Building the model...\n",
      "Let's roll!\n",
      "Epoch 0, 0.10320570431884973\n",
      "Epoch 1, 0.12357493369444314\n",
      "Epoch 2, 0.12786824291535034\n",
      "Epoch 3, 0.13165989246433848\n",
      "Epoch 4, 0.143210899179843\n",
      "Epoch 5, 0.15214264944393427\n",
      "Epoch 6, 0.1523200801260625\n",
      "Epoch 7, 0.15234078914031648\n",
      "Epoch 8, 0.15234351862407527\n",
      "Epoch 9, 0.15234403087814785\n",
      "Epoch 10, 0.15234414432883717\n",
      "Epoch 11, 0.15234417069770395\n",
      "Epoch 12, 0.15234417690066357\n",
      "Epoch 13, 0.15234417836403713\n",
      "Epoch 14, "
     ]
    },
    {
     "ename": "KeyboardInterrupt",
     "evalue": "",
     "output_type": "error",
     "traceback": [
      "\u001b[0;31m---------------------------------------------------------------------------\u001b[0m",
      "\u001b[0;31mKeyboardInterrupt\u001b[0m                         Traceback (most recent call last)",
      "\u001b[0;32m<ipython-input-156-fe1569c6b173>\u001b[0m in \u001b[0;36m<module>\u001b[0;34m()\u001b[0m\n\u001b[1;32m      9\u001b[0m     \u001b[0mlearning_rate\u001b[0m\u001b[0;34m=\u001b[0m\u001b[0;36m1\u001b[0m\u001b[0;34m,\u001b[0m\u001b[0;34m\u001b[0m\u001b[0m\n\u001b[1;32m     10\u001b[0m     \u001b[0mn_epochs\u001b[0m\u001b[0;34m=\u001b[0m\u001b[0;36m100\u001b[0m\u001b[0;34m,\u001b[0m\u001b[0;34m\u001b[0m\u001b[0m\n\u001b[0;32m---> 11\u001b[0;31m     \u001b[0mbatch_size\u001b[0m\u001b[0;34m=\u001b[0m\u001b[0;36m10\u001b[0m\u001b[0;34m\u001b[0m\u001b[0m\n\u001b[0m\u001b[1;32m     12\u001b[0m \u001b[0;31m#     backup_file='nets/main_yz.pickle'\u001b[0m\u001b[0;34m\u001b[0m\u001b[0;34m\u001b[0m\u001b[0m\n\u001b[1;32m     13\u001b[0m )\n",
      "\u001b[0;32m/users/linnocenti01/Documents/coding/python/quantum-gate-learning/QubitNetwork.py\u001b[0m in \u001b[0;36msgd_optimization\u001b[0;34m(net, learning_rate, n_epochs, batch_size, backup_file, training_dataset_size, test_dataset_size)\u001b[0m\n\u001b[1;32m    657\u001b[0m             \u001b[0;31m# debug_idx += 1\u001b[0m\u001b[0;34m\u001b[0m\u001b[0;34m\u001b[0m\u001b[0m\n\u001b[1;32m    658\u001b[0m             \u001b[0;31m# print(debug_idx)\u001b[0m\u001b[0;34m\u001b[0m\u001b[0;34m\u001b[0m\u001b[0m\n\u001b[0;32m--> 659\u001b[0;31m             \u001b[0mminibatch_avg_cost\u001b[0m \u001b[0;34m=\u001b[0m \u001b[0mtrain_model\u001b[0m\u001b[0;34m(\u001b[0m\u001b[0mminibatch_index\u001b[0m\u001b[0;34m)\u001b[0m\u001b[0;34m\u001b[0m\u001b[0m\n\u001b[0m\u001b[1;32m    660\u001b[0m             \u001b[0;31m# print('gradient: {}'.format(grad(minibatch_index)))\u001b[0m\u001b[0;34m\u001b[0m\u001b[0;34m\u001b[0m\u001b[0m\n\u001b[1;32m    661\u001b[0m             \u001b[0;31m# print('minibatch avg cost: {}'.format(minibatch_avg_cost))\u001b[0m\u001b[0;34m\u001b[0m\u001b[0;34m\u001b[0m\u001b[0m\n",
      "\u001b[0;32m/users/linnocenti01/anaconda3/envs/theano/lib/python3.5/site-packages/theano/compile/function_module.py\u001b[0m in \u001b[0;36m__call__\u001b[0;34m(self, *args, **kwargs)\u001b[0m\n\u001b[1;32m    857\u001b[0m         \u001b[0mt0_fn\u001b[0m \u001b[0;34m=\u001b[0m \u001b[0mtime\u001b[0m\u001b[0;34m.\u001b[0m\u001b[0mtime\u001b[0m\u001b[0;34m(\u001b[0m\u001b[0;34m)\u001b[0m\u001b[0;34m\u001b[0m\u001b[0m\n\u001b[1;32m    858\u001b[0m         \u001b[0;32mtry\u001b[0m\u001b[0;34m:\u001b[0m\u001b[0;34m\u001b[0m\u001b[0m\n\u001b[0;32m--> 859\u001b[0;31m             \u001b[0moutputs\u001b[0m \u001b[0;34m=\u001b[0m \u001b[0mself\u001b[0m\u001b[0;34m.\u001b[0m\u001b[0mfn\u001b[0m\u001b[0;34m(\u001b[0m\u001b[0;34m)\u001b[0m\u001b[0;34m\u001b[0m\u001b[0m\n\u001b[0m\u001b[1;32m    860\u001b[0m         \u001b[0;32mexcept\u001b[0m \u001b[0mException\u001b[0m\u001b[0;34m:\u001b[0m\u001b[0;34m\u001b[0m\u001b[0m\n\u001b[1;32m    861\u001b[0m             \u001b[0;32mif\u001b[0m \u001b[0mhasattr\u001b[0m\u001b[0;34m(\u001b[0m\u001b[0mself\u001b[0m\u001b[0;34m.\u001b[0m\u001b[0mfn\u001b[0m\u001b[0;34m,\u001b[0m \u001b[0;34m'position_of_error'\u001b[0m\u001b[0;34m)\u001b[0m\u001b[0;34m:\u001b[0m\u001b[0;34m\u001b[0m\u001b[0m\n",
      "\u001b[0;32m/users/linnocenti01/anaconda3/envs/theano/lib/python3.5/site-packages/theano/scan_module/scan_op.py\u001b[0m in \u001b[0;36mrval\u001b[0;34m(p, i, o, n, allow_gc)\u001b[0m\n\u001b[1;32m    949\u001b[0m         def rval(p=p, i=node_input_storage, o=node_output_storage, n=node,\n\u001b[1;32m    950\u001b[0m                  allow_gc=allow_gc):\n\u001b[0;32m--> 951\u001b[0;31m             \u001b[0mr\u001b[0m \u001b[0;34m=\u001b[0m \u001b[0mp\u001b[0m\u001b[0;34m(\u001b[0m\u001b[0mn\u001b[0m\u001b[0;34m,\u001b[0m \u001b[0;34m[\u001b[0m\u001b[0mx\u001b[0m\u001b[0;34m[\u001b[0m\u001b[0;36m0\u001b[0m\u001b[0;34m]\u001b[0m \u001b[0;32mfor\u001b[0m \u001b[0mx\u001b[0m \u001b[0;32min\u001b[0m \u001b[0mi\u001b[0m\u001b[0;34m]\u001b[0m\u001b[0;34m,\u001b[0m \u001b[0mo\u001b[0m\u001b[0;34m)\u001b[0m\u001b[0;34m\u001b[0m\u001b[0m\n\u001b[0m\u001b[1;32m    952\u001b[0m             \u001b[0;32mfor\u001b[0m \u001b[0mo\u001b[0m \u001b[0;32min\u001b[0m \u001b[0mnode\u001b[0m\u001b[0;34m.\u001b[0m\u001b[0moutputs\u001b[0m\u001b[0;34m:\u001b[0m\u001b[0;34m\u001b[0m\u001b[0m\n\u001b[1;32m    953\u001b[0m                 \u001b[0mcompute_map\u001b[0m\u001b[0;34m[\u001b[0m\u001b[0mo\u001b[0m\u001b[0;34m]\u001b[0m\u001b[0;34m[\u001b[0m\u001b[0;36m0\u001b[0m\u001b[0;34m]\u001b[0m \u001b[0;34m=\u001b[0m \u001b[0;32mTrue\u001b[0m\u001b[0;34m\u001b[0m\u001b[0m\n",
      "\u001b[0;32m/users/linnocenti01/anaconda3/envs/theano/lib/python3.5/site-packages/theano/scan_module/scan_op.py\u001b[0m in \u001b[0;36m<lambda>\u001b[0;34m(node, args, outs)\u001b[0m\n\u001b[1;32m    938\u001b[0m                         \u001b[0margs\u001b[0m\u001b[0;34m,\u001b[0m\u001b[0;34m\u001b[0m\u001b[0m\n\u001b[1;32m    939\u001b[0m                         \u001b[0mouts\u001b[0m\u001b[0;34m,\u001b[0m\u001b[0;34m\u001b[0m\u001b[0m\n\u001b[0;32m--> 940\u001b[0;31m                         self, node)\n\u001b[0m\u001b[1;32m    941\u001b[0m         \u001b[0;32mexcept\u001b[0m \u001b[0;34m(\u001b[0m\u001b[0mImportError\u001b[0m\u001b[0;34m,\u001b[0m \u001b[0mtheano\u001b[0m\u001b[0;34m.\u001b[0m\u001b[0mgof\u001b[0m\u001b[0;34m.\u001b[0m\u001b[0mcmodule\u001b[0m\u001b[0;34m.\u001b[0m\u001b[0mMissingGXX\u001b[0m\u001b[0;34m)\u001b[0m\u001b[0;34m:\u001b[0m\u001b[0;34m\u001b[0m\u001b[0m\n\u001b[1;32m    942\u001b[0m             \u001b[0mp\u001b[0m \u001b[0;34m=\u001b[0m \u001b[0mself\u001b[0m\u001b[0;34m.\u001b[0m\u001b[0mexecute\u001b[0m\u001b[0;34m\u001b[0m\u001b[0m\n",
      "\u001b[0;32mtheano/scan_module/scan_perform.pyx\u001b[0m in \u001b[0;36mtheano.scan_module.scan_perform.perform (/users/linnocenti01/.theano/compiledir_Linux-3.16--amd64-x86_64-with-debian-8.6--3.5.2-64/scan_perform/mod.cpp:4193)\u001b[0;34m()\u001b[0m\n",
      "\u001b[0;32m/users/linnocenti01/anaconda3/envs/theano/lib/python3.5/site-packages/theano/scan_module/scan_op.py\u001b[0m in \u001b[0;36mrval\u001b[0;34m(p, i, o, n, allow_gc)\u001b[0m\n\u001b[1;32m    949\u001b[0m         def rval(p=p, i=node_input_storage, o=node_output_storage, n=node,\n\u001b[1;32m    950\u001b[0m                  allow_gc=allow_gc):\n\u001b[0;32m--> 951\u001b[0;31m             \u001b[0mr\u001b[0m \u001b[0;34m=\u001b[0m \u001b[0mp\u001b[0m\u001b[0;34m(\u001b[0m\u001b[0mn\u001b[0m\u001b[0;34m,\u001b[0m \u001b[0;34m[\u001b[0m\u001b[0mx\u001b[0m\u001b[0;34m[\u001b[0m\u001b[0;36m0\u001b[0m\u001b[0;34m]\u001b[0m \u001b[0;32mfor\u001b[0m \u001b[0mx\u001b[0m \u001b[0;32min\u001b[0m \u001b[0mi\u001b[0m\u001b[0;34m]\u001b[0m\u001b[0;34m,\u001b[0m \u001b[0mo\u001b[0m\u001b[0;34m)\u001b[0m\u001b[0;34m\u001b[0m\u001b[0m\n\u001b[0m\u001b[1;32m    952\u001b[0m             \u001b[0;32mfor\u001b[0m \u001b[0mo\u001b[0m \u001b[0;32min\u001b[0m \u001b[0mnode\u001b[0m\u001b[0;34m.\u001b[0m\u001b[0moutputs\u001b[0m\u001b[0;34m:\u001b[0m\u001b[0;34m\u001b[0m\u001b[0m\n\u001b[1;32m    953\u001b[0m                 \u001b[0mcompute_map\u001b[0m\u001b[0;34m[\u001b[0m\u001b[0mo\u001b[0m\u001b[0;34m]\u001b[0m\u001b[0;34m[\u001b[0m\u001b[0;36m0\u001b[0m\u001b[0;34m]\u001b[0m \u001b[0;34m=\u001b[0m \u001b[0;32mTrue\u001b[0m\u001b[0;34m\u001b[0m\u001b[0m\n",
      "\u001b[0;32m/users/linnocenti01/anaconda3/envs/theano/lib/python3.5/site-packages/theano/scan_module/scan_op.py\u001b[0m in \u001b[0;36m<lambda>\u001b[0;34m(node, args, outs)\u001b[0m\n\u001b[1;32m    938\u001b[0m                         \u001b[0margs\u001b[0m\u001b[0;34m,\u001b[0m\u001b[0;34m\u001b[0m\u001b[0m\n\u001b[1;32m    939\u001b[0m                         \u001b[0mouts\u001b[0m\u001b[0;34m,\u001b[0m\u001b[0;34m\u001b[0m\u001b[0m\n\u001b[0;32m--> 940\u001b[0;31m                         self, node)\n\u001b[0m\u001b[1;32m    941\u001b[0m         \u001b[0;32mexcept\u001b[0m \u001b[0;34m(\u001b[0m\u001b[0mImportError\u001b[0m\u001b[0;34m,\u001b[0m \u001b[0mtheano\u001b[0m\u001b[0;34m.\u001b[0m\u001b[0mgof\u001b[0m\u001b[0;34m.\u001b[0m\u001b[0mcmodule\u001b[0m\u001b[0;34m.\u001b[0m\u001b[0mMissingGXX\u001b[0m\u001b[0;34m)\u001b[0m\u001b[0;34m:\u001b[0m\u001b[0;34m\u001b[0m\u001b[0m\n\u001b[1;32m    942\u001b[0m             \u001b[0mp\u001b[0m \u001b[0;34m=\u001b[0m \u001b[0mself\u001b[0m\u001b[0;34m.\u001b[0m\u001b[0mexecute\u001b[0m\u001b[0;34m\u001b[0m\u001b[0m\n",
      "\u001b[0;32mtheano/scan_module/scan_perform.pyx\u001b[0m in \u001b[0;36mtheano.scan_module.scan_perform.perform (/users/linnocenti01/.theano/compiledir_Linux-3.16--amd64-x86_64-with-debian-8.6--3.5.2-64/scan_perform/mod.cpp:4193)\u001b[0;34m()\u001b[0m\n",
      "\u001b[0;32m/users/linnocenti01/anaconda3/envs/theano/lib/python3.5/site-packages/theano/scan_module/scan_op.py\u001b[0m in \u001b[0;36mrval\u001b[0;34m(p, i, o, n, allow_gc)\u001b[0m\n\u001b[1;32m    949\u001b[0m         def rval(p=p, i=node_input_storage, o=node_output_storage, n=node,\n\u001b[1;32m    950\u001b[0m                  allow_gc=allow_gc):\n\u001b[0;32m--> 951\u001b[0;31m             \u001b[0mr\u001b[0m \u001b[0;34m=\u001b[0m \u001b[0mp\u001b[0m\u001b[0;34m(\u001b[0m\u001b[0mn\u001b[0m\u001b[0;34m,\u001b[0m \u001b[0;34m[\u001b[0m\u001b[0mx\u001b[0m\u001b[0;34m[\u001b[0m\u001b[0;36m0\u001b[0m\u001b[0;34m]\u001b[0m \u001b[0;32mfor\u001b[0m \u001b[0mx\u001b[0m \u001b[0;32min\u001b[0m \u001b[0mi\u001b[0m\u001b[0;34m]\u001b[0m\u001b[0;34m,\u001b[0m \u001b[0mo\u001b[0m\u001b[0;34m)\u001b[0m\u001b[0;34m\u001b[0m\u001b[0m\n\u001b[0m\u001b[1;32m    952\u001b[0m             \u001b[0;32mfor\u001b[0m \u001b[0mo\u001b[0m \u001b[0;32min\u001b[0m \u001b[0mnode\u001b[0m\u001b[0;34m.\u001b[0m\u001b[0moutputs\u001b[0m\u001b[0;34m:\u001b[0m\u001b[0;34m\u001b[0m\u001b[0m\n\u001b[1;32m    953\u001b[0m                 \u001b[0mcompute_map\u001b[0m\u001b[0;34m[\u001b[0m\u001b[0mo\u001b[0m\u001b[0;34m]\u001b[0m\u001b[0;34m[\u001b[0m\u001b[0;36m0\u001b[0m\u001b[0;34m]\u001b[0m \u001b[0;34m=\u001b[0m \u001b[0;32mTrue\u001b[0m\u001b[0;34m\u001b[0m\u001b[0m\n",
      "\u001b[0;32m/users/linnocenti01/anaconda3/envs/theano/lib/python3.5/site-packages/theano/scan_module/scan_op.py\u001b[0m in \u001b[0;36m<lambda>\u001b[0;34m(node, args, outs)\u001b[0m\n\u001b[1;32m    938\u001b[0m                         \u001b[0margs\u001b[0m\u001b[0;34m,\u001b[0m\u001b[0;34m\u001b[0m\u001b[0m\n\u001b[1;32m    939\u001b[0m                         \u001b[0mouts\u001b[0m\u001b[0;34m,\u001b[0m\u001b[0;34m\u001b[0m\u001b[0m\n\u001b[0;32m--> 940\u001b[0;31m                         self, node)\n\u001b[0m\u001b[1;32m    941\u001b[0m         \u001b[0;32mexcept\u001b[0m \u001b[0;34m(\u001b[0m\u001b[0mImportError\u001b[0m\u001b[0;34m,\u001b[0m \u001b[0mtheano\u001b[0m\u001b[0;34m.\u001b[0m\u001b[0mgof\u001b[0m\u001b[0;34m.\u001b[0m\u001b[0mcmodule\u001b[0m\u001b[0;34m.\u001b[0m\u001b[0mMissingGXX\u001b[0m\u001b[0;34m)\u001b[0m\u001b[0;34m:\u001b[0m\u001b[0;34m\u001b[0m\u001b[0m\n\u001b[1;32m    942\u001b[0m             \u001b[0mp\u001b[0m \u001b[0;34m=\u001b[0m \u001b[0mself\u001b[0m\u001b[0;34m.\u001b[0m\u001b[0mexecute\u001b[0m\u001b[0;34m\u001b[0m\u001b[0m\n",
      "\u001b[0;32mtheano/scan_module/scan_perform.pyx\u001b[0m in \u001b[0;36mtheano.scan_module.scan_perform.perform (/users/linnocenti01/.theano/compiledir_Linux-3.16--amd64-x86_64-with-debian-8.6--3.5.2-64/scan_perform/mod.cpp:4193)\u001b[0;34m()\u001b[0m\n",
      "\u001b[0;32m/users/linnocenti01/anaconda3/envs/theano/lib/python3.5/site-packages/theano/gof/op.py\u001b[0m in \u001b[0;36mrval\u001b[0;34m(p, i, o, n)\u001b[0m\n\u001b[1;32m    910\u001b[0m             \u001b[0;31m# default arguments are stored in the closure of `rval`\u001b[0m\u001b[0;34m\u001b[0m\u001b[0;34m\u001b[0m\u001b[0m\n\u001b[1;32m    911\u001b[0m             \u001b[0;32mdef\u001b[0m \u001b[0mrval\u001b[0m\u001b[0;34m(\u001b[0m\u001b[0mp\u001b[0m\u001b[0;34m=\u001b[0m\u001b[0mp\u001b[0m\u001b[0;34m,\u001b[0m \u001b[0mi\u001b[0m\u001b[0;34m=\u001b[0m\u001b[0mnode_input_storage\u001b[0m\u001b[0;34m,\u001b[0m \u001b[0mo\u001b[0m\u001b[0;34m=\u001b[0m\u001b[0mnode_output_storage\u001b[0m\u001b[0;34m,\u001b[0m \u001b[0mn\u001b[0m\u001b[0;34m=\u001b[0m\u001b[0mnode\u001b[0m\u001b[0;34m)\u001b[0m\u001b[0;34m:\u001b[0m\u001b[0;34m\u001b[0m\u001b[0m\n\u001b[0;32m--> 912\u001b[0;31m                 \u001b[0mr\u001b[0m \u001b[0;34m=\u001b[0m \u001b[0mp\u001b[0m\u001b[0;34m(\u001b[0m\u001b[0mn\u001b[0m\u001b[0;34m,\u001b[0m \u001b[0;34m[\u001b[0m\u001b[0mx\u001b[0m\u001b[0;34m[\u001b[0m\u001b[0;36m0\u001b[0m\u001b[0;34m]\u001b[0m \u001b[0;32mfor\u001b[0m \u001b[0mx\u001b[0m \u001b[0;32min\u001b[0m \u001b[0mi\u001b[0m\u001b[0;34m]\u001b[0m\u001b[0;34m,\u001b[0m \u001b[0mo\u001b[0m\u001b[0;34m)\u001b[0m\u001b[0;34m\u001b[0m\u001b[0m\n\u001b[0m\u001b[1;32m    913\u001b[0m                 \u001b[0;32mfor\u001b[0m \u001b[0mo\u001b[0m \u001b[0;32min\u001b[0m \u001b[0mnode\u001b[0m\u001b[0;34m.\u001b[0m\u001b[0moutputs\u001b[0m\u001b[0;34m:\u001b[0m\u001b[0;34m\u001b[0m\u001b[0m\n\u001b[1;32m    914\u001b[0m                     \u001b[0mcompute_map\u001b[0m\u001b[0;34m[\u001b[0m\u001b[0mo\u001b[0m\u001b[0;34m]\u001b[0m\u001b[0;34m[\u001b[0m\u001b[0;36m0\u001b[0m\u001b[0;34m]\u001b[0m \u001b[0;34m=\u001b[0m \u001b[0;32mTrue\u001b[0m\u001b[0;34m\u001b[0m\u001b[0m\n",
