{
    "num_qubits": 3,
    "J": [
        -1.7304893424884795,
        2.1637782940661285,
        2.2420407960657256,
        0.05210364827199342,
        -0.7820260435144827,
        0.05070259174294999,
        1.2076843399802173,
        -0.5721640375594919,
        2.557250226699662,
        -4.111024028878462e-09,
        8.302492483756993e-08,
        -4.696838130848608e-09,
        8.2218976375924e-09,
        -1.0400782649152921e-07,
        6.79615107161397e-09,
        0.09234535424294697,
        -1.3860156726121795,
        0.08986221085809648,
        -1.152678996171757,
        0.7417088017167607,
        -1.2946024308834327,
        1.0055549467505258,
        0.10035505699526154,
        2.0544895765003814,
        -1.6498363250554533,
        -0.5721640220771967,
        -0.30027048139293777,
        0.11891618190132959,
        -2.67516939398223e-09,
        0.1189161885953709,
        -1.7848184550689292,
        4.510775633612397e-08,
        -1.7848185651047508,
        0.1157185569579418,
        -1.354647776925336e-09,
        0.11571856199657347
    ],
    "target_gate.real": [
        [
            1.0,
            0.0,
            0.0,
            0.0,
            0.0,
            0.0,
            0.0,
            0.0
        ],
        [
            0.0,
            1.0,
            0.0,
            0.0,
            0.0,
            0.0,
            0.0,
            0.0
        ],
        [
            0.0,
            0.0,
            1.0,
            0.0,
            0.0,
            0.0,
            0.0,
            0.0
        ],
        [
            0.0,
            0.0,
            0.0,
            1.0,
            0.0,
            0.0,
            0.0,
            0.0
        ],
        [
            0.0,
            0.0,
            0.0,
            0.0,
            0.7071067811865476,
            0.7071067811865476,
            0.0,
            0.0
        ],
        [
            0.0,
            0.0,
            0.0,
            0.0,
            0.7071067811865476,
            -0.7071067811865476,
            0.0,
            0.0
        ],
        [
            0.0,
            0.0,
            0.0,
            0.0,
            0.0,
            0.0,
            0.7071067811865476,
            0.7071067811865476
        ],
        [
            0.0,
            0.0,
            0.0,
            0.0,
            0.0,
            0.0,
            0.7071067811865476,
            -0.7071067811865476
        ]
    ],
    "interactions": [
        [
            0,
            "x"
        ],
        [
            0,
            "y"
        ],
        [
            0,
            "z"
        ],
        [
            1,
            "x"
        ],
        [
            1,
            "y"
        ],
        [
            1,
            "z"
        ],
        [
            2,
            "x"
        ],
        [
            2,
            "y"
        ],
        [
            2,
            "z"
        ],
        [
            [
                0,
                1
            ],
            "xx"
        ],
        [
            [
                0,
                1
            ],
            "xy"
        ],
        [
            [
                0,
                1
            ],
            "xz"
        ],
        [
            [
                0,
                1
            ],
            "yx"
        ],
        [
            [
                0,
                1
            ],
            "yy"
        ],
        [
            [
                0,
                1
            ],
            "yz"
        ],
        [
            [
                0,
                1
            ],
            "zx"
        ],
        [
            [
                0,
                1
            ],
            "zy"
        ],
        [
            [
                0,
                1
            ],
            "zz"
        ],
        [
            [
                0,
                2
            ],
            "xx"
        ],
        [
            [
                0,
                2
            ],
            "xy"
        ],
        [
            [
                0,
                2
            ],
            "xz"
        ],
        [
            [
                0,
                2
            ],
            "yx"
        ],
        [
            [
                0,
                2
            ],
            "yy"
        ],
        [
            [
                0,
                2
            ],
            "yz"
        ],
        [
            [
                0,
                2
            ],
            "zx"
        ],
        [
            [
                0,
                2
            ],
            "zy"
        ],
        [
            [
                0,
                2
            ],
            "zz"
        ],
        [
            [
                1,
                2
            ],
            "xx"
        ],
        [
            [
                1,
                2
            ],
            "xy"
        ],
        [
            [
                1,
                2
            ],
            "xz"
        ],
        [
            [
                1,
                2
            ],
            "yx"
        ],
        [
            [
                1,
                2
            ],
            "yy"
        ],
        [
            [
                1,
                2
            ],
            "yz"
        ],
        [
            [
                1,
                2
            ],
            "zx"
        ],
        [
            [
                1,
                2
            ],
            "zy"
        ],
        [
            [
                1,
                2
            ],
            "zz"
        ]
    ],
    "full_unitary.imag": [
        [
            1.996119441450856e-09,
            1.5637914537510594e-09,
            9.761012115770684e-11,
            -2.2517090297359543e-09,
            2.5821929056785153e-10,
            -5.981490077550111e-10,
            3.045510450923848e-09,
            9.32688470575184e-09
        ],
        [
            1.5637911796647502e-09,
            2.014106355655021e-10,
            2.782050398213165e-09,
            -1.9522406156935457e-09,
            4.5099984025132045e-09,
            -1.1490472878739055e-08,
            7.519242772695278e-09,
            -1.75494823933392e-08
        ],
        [
            9.760971300979901e-11,
            2.7820506299071693e-09,
            1.440075738669798e-09,
            2.168558340277099e-09,
            -4.034009360928681e-09,
            -8.158572388419078e-09,
            1.0645087431980157e-09,
            -1.323962648932045e-09
        ],
        [
            -2.251709048601072e-09,
            -1.9522397029037367e-09,
            2.168558272731304e-09,
            -2.8045595533432444e-10,
            -5.696967663240682e-09,
            1.385598530877219e-08,
            4.539226519618619e-09,
            -8.896331440185618e-09
        ],
        [
            -2.4036646197739264e-10,
            -4.93594017915433e-09,
            -8.62145704827455e-09,
            5.769296353153042e-09,
            1.6273220271312283e-10,
            3.908195336799203e-09,
            6.585048052849818e-09,
            -6.426408107051973e-09
        ],
        [
            6.055438442342798e-10,
            1.1314042369647836e-08,
            2.916506654238038e-09,
            -1.3826025518914875e-08,
            -4.932687841519012e-09,
            1.1872242633437224e-09,
            -6.792075887829263e-09,
            -6.621676422458034e-09
        ],
        [
            8.748605252891471e-09,
            -7.092450307177173e-09,
            -1.8346183947026695e-10,
            -3.080938220691165e-09,
            -6.6275561046158504e-09,
            6.7861964502674565e-09,
            -2.0187799760866543e-10,
            4.194709907982125e-09
        ],
        [
            -4.441602132582937e-09,
            1.772626561453907e-08,
            1.688904345748584e-09,
            9.500374630651981e-09,
            6.420528574947737e-09,
            6.590927342092767e-09,
            -5.544080033655172e-09,
            1.1474924001449172e-09
        ]
    ],
    "net_topology": null,
    "num_system_qubits": 3,
    "target_gate.issuper": 0,
    "target_gate.imag": [
        [
            0.0,
            0.0,
            0.0,
            0.0,
            0.0,
            0.0,
            0.0,
            0.0
        ],
        [
            0.0,
            0.0,
            0.0,
            0.0,
            0.0,
            0.0,
            0.0,
            0.0
        ],
        [
            0.0,
            0.0,
            0.0,
            0.0,
            0.0,
            0.0,
            0.0,
            0.0
        ],
        [
            0.0,
            0.0,
            0.0,
            0.0,
            0.0,
            0.0,
            0.0,
            0.0
        ],
        [
            0.0,
            0.0,
            0.0,
            0.0,
            0.0,
            0.0,
            0.0,
            0.0
        ],
        [
            0.0,
            0.0,
            0.0,
            0.0,
            0.0,
            0.0,
            0.0,
            0.0
        ],
        [
            0.0,
            0.0,
            0.0,
            0.0,
            0.0,
            0.0,
            0.0,
            0.0
        ],
        [
            0.0,
            0.0,
            0.0,
            0.0,
            0.0,
            0.0,
            0.0,
            0.0
        ]
    ],
    "full_unitary.real": [
        [
            0.9999999999999999,
            -1.22785911321234e-10,
            -3.5275495793721592e-09,
            3.265859865528298e-10,
            2.8616948060354586e-09,
            -9.093674993142925e-09,
            8.018473697415755e-09,
            -5.5667502271228644e-09
        ],
        [
            1.2278609650296507e-10,
            0.9999999999999998,
            1.4396036216411667e-09,
            4.884297731024001e-09,
            7.572361095803393e-09,
            -1.1973526333614037e-08,
            -7.3950360391468115e-09,
            1.9758605744385135e-08
        ],
        [
            3.527549600676732e-09,
            -1.439603192080266e-09,
            0.9999999999999996,
            2.09437031519627e-10,
            -7.270751590203461e-09,
            6.732676484898226e-09,
            2.9847977193152297e-09,
            -1.072205950869605e-08
        ],
        [
            -3.2658611839181395e-10,
            -4.884297566225271e-09,
            -2.0943684243476812e-10,
            0.9999999999999993,
            7.254218170604787e-09,
            -2.111360410117502e-08,
            6.6557031440026004e-09,
            -1.1449208128441746e-08
        ],
        [
            4.406675144577599e-09,
            3.1120937389605974e-09,
            3.804760985437472e-10,
            9.800065349507836e-09,
            0.7071067874058057,
            0.7071067749672891,
            7.236482671771349e-10,
            -5.766601918200109e-09
        ],
        [
            -8.453722873309234e-09,
            -1.3821029568213128e-08,
            9.901918724200542e-09,
            -2.0059079472098396e-08,
            0.7071067749672887,
            -0.707106787405805,
            5.234968180299615e-09,
            -9.543135032208383e-11
        ],
        [
            -1.733630300350831e-09,
            -8.74236365938641e-09,
            5.471070285180402e-09,
            3.389519686626541e-09,
            -4.829214111934377e-11,
            5.0912452483065085e-09,
            0.7071067873937665,
            0.707106774979328
        ],
        [
            -9.606204090864545e-09,
            1.9200524526861648e-08,
            -9.692211909136453e-09,
            -1.280210546426852e-08,
            -5.910324845856407e-09,
            -5.799251634464042e-10,
            0.7071067749793282,
            -0.7071067873937656
        ]
    ]
}